315972709159712000
315972709259908000
315972709360105000
315972709459638000
315972709559834000
315972709660030000
315972709759563000
315972709859759000
315972709959956000
315972710060146000
315972710159679000
315972710259875000
315972710360072000
315972710460268000
315972710559801000
315972710659997000
315972710760194000
315972710859727000
315972710959923000
315972711060114000
315972711159647000
315972711259844000
315972711360040000
315972711459573000
315972711559769000
315972711659965000
315972711759498000
315972711859695000
315972711959891000
315972712060081000
315972712159614000
315972712259811000
315972712360007000
315972712460203000
315972712559736000
315972712659933000
315972712760129000
315972712860325000
315972712959858000
315972713060048000
315972713160244000
315972713259777000
315972713359973000
315972713460170000
315972713559702000
315972713659899000
315972713760095000
315972713859628000
315972713959824000
315972714060017000
315972714159550000
315972714259746000
315972714359942000
315972714460139000
315972714559671000
315972714659868000
315972714760064000
315972714860261000
315972714959793000
315972715059985000
315972715160181000
315972715259714000
315972715359910000
315972715460107000
315972715559640000
315972715659836000
315972715760032000
315972715860229000
315972715959762000
315972716059952000
315972716160148000
315972716259681000
315972716359877000
315972716460074000
315972716559607000
315972716659803000
315972716759999000
315972716860196000
315972716959729000
315972717059919000
315972717160115000
315972717259648000
315972717359845000
315972717460041000
315972717559574000
315972717659770000
315972717759967000
315972717860163000
315972717959696000
315972718059887000
315972718160083000
315972718260280000
315972718359813000
315972718460009000
315972718560205000
315972718659738000
315972718759935000
315972718860131000
315972718959664000
315972719059854000
315972719160051000
315972719260247000
315972719359780000
315972719459976000
315972719560173000
315972719659705000
315972719759902000
315972719860098000
315972719959631000
315972720059821000
315972720160018000
315972720260214000
315972720359747000
315972720459943000
315972720560140000
315972720659672000
315972720759869000
315972720860065000
315972720959598000
315972721059788000
315972721159985000
315972721260181000
315972721359714000
315972721463861000
315972721560107000
315972721659640000
315972721759836000
315972721860032000
315972721960229000
315972722059757000
315972722159953000
315972722260149000
315972722359682000
315972722459879000
315972722560075000
315972722660271000
315972722759804000
315972722860000000
315972722960197000
315972723059725000
315972723159921000
315972723260117000
315972723359650000
315972723459847000
315972723560043000
315972723659576000
315972723759772000
315972723859969000
315972723960165000
315972724059692000
315972724159888000
315972724260085000
315972724360281000
315972724459814000
315972724560010000
315972724660206000
